

    real velocy                measured velocy                          Err_v
============================================================================
            -35                            -35                              0
            -30                            -30                              0
            -25                            -25                              0
            -20                            -20                              0
            -15                            -15                              0
            -10                            -10                              0
             -5                             -5                              0
              0                              0                              0
              5                              5                              0
             10                             10                              0
             15                             15                              0
             20                             20                              0
             25                             25                              0
             30                             30                              0
             35                             35                              0
             40                             40                              0
